4772
12656
18880
16582
11985
14460
7034
17549
4985
11417
17115
11081
11477
10066
4176
19740
11508
11585
19550
6090
16298
4722
16737
14243
10261
12620
11789
14142
18601
15121
15997
3398
12877
9434
19251
13162
10631
19601
2959
17510
4588
13642
2173
12375
2592
15031
7114
18009
19318
4945
12010
3658
14339
4446
15810
10211
19963
10651
8918
15374
7687
18420
12968
11968
18228
10546
4956
14825
2723
7854
13901
8599
10742
9016
14962
2487
10509
8559
16136
14643
18325
10348
11349
17216
15145
5402
18951
19843
16262
4863
19817
15096
16401
14895
4844
3495
6105
5419
10701
5627
9110
14665
3203
4890
4950
19224
17476
3314
4177
2704
3358
13113
2268
5954
18076
13109
14510
7527
7776
8784
10601
3954
3321
9610
8401
9889
9811
16004
11216
14237
6552
3440
7827
2718
5046
2549
4918
17130
13293
3590
8866
13231
6856
17038
6817
11450
2882
15190
8923
15807
2116
2050
9696
9512
3805
16178
17196
9734
4631
6438
3167
16075
5744
12898
6354
7112
7063
6602
10848
4102
3655
13247
4745
10743
9358
9897
17166
13180
15862
18454
11383
11654
15071
7266
18454
17809
4354
13415
6046
10577
11637
3581
15034
16161
4295
14723
14254
19693
6736
3811
5863
4219
17004
6139
7150
5440
6641
5724
4238
3005
2538
16793
3154
13039
15745
6401
18180
16126
19579
17170
14634
16295
6753
10709
2447
4515
11107
14243
4298
8017
4220
17510
17911
9192
15693
8353
12339
6785
5246
12989
12376
13954
13991
11757
18145
9853
2337
9932
4127
4465
15544
14378
5045
6797
3301
16374
6876
13824
18382
2911
19797
13002
16209
11813
16194
17006
15816
14472
16400
9941
18651
7053
5101
6891
19990
8142
17760
13847
7844
2707
17549
18195
8448
14106
14065
17113
15655
10873
9020
5538
14252
18498
6168
15577
5310
7490
2940
13327
10040
2410
12028
10946
9647
5440
10383
14632
13783
17345
3960
13475
16059
14254
16513
8047
15752
6844
8865
7701
19417
19088
11199
10279
17232
8161
7351
17065
17376
4163
4412
7279
19541
7672
18441
5398
4111
6839
4600
12262
7501
3261
12900
17321
9291
16556
14695
13412
3986
10662
12137
3671
18241
11424
19480
13388
6183
4613
16886
5496
7138
5014
4727
6162
18352
3549
7921
